1745123880.202118874 0.00766 0.25221 0.00155 0.81320 -0.01520 -0.00627 0.58175
1745123880.302182674 0.02697 0.35965 0.00399 0.84582 -0.01512 -0.00538 0.53323
1745123880.502309561 0.03379 0.28757 0.00586 0.85436 -0.01226 -0.00514 0.51952
1745123880.702435732 0.04976 0.30315 0.00824 0.87368 -0.01232 -0.00478 0.48632
1745123881.369545698 0.05898 0.31493 0.00863 0.88495 -0.01347 -0.00376 0.46548
1745123881.502983093 0.06827 0.32939 0.01172 0.87724 -0.01397 0.00015 0.47986
1745123881.703139544 0.07041 0.33568 0.01275 0.86793 -0.01361 0.00100 0.49650
1745123881.903296947 0.07145 0.34463 0.01392 0.85425 -0.01332 0.00192 0.51969
1745123882.003375769 0.07302 0.35025 0.01439 0.83910 -0.01303 0.00236 0.54382
1745123882.203533649 0.06849 0.34470 0.01392 0.82330 -0.01297 0.00166 0.56746
1745123882.403674364 0.06865 0.33477 0.01291 0.81487 -0.01382 0.00108 0.57947
1745123883.504515886 0.05824 0.32698 0.01175 0.79569 -0.01550 -0.00072 0.60551
1745123883.704703569 0.06365 0.34257 0.01755 0.78066 -0.01918 -0.00183 0.62465
1745123883.771433115 0.06093 0.35119 0.01938 0.79993 -0.02040 -0.00189 0.59975
1745123883.904892921 0.06238 0.35590 0.01987 0.79976 -0.02062 -0.00241 0.59996
1745123883.971622944 0.06624 0.36218 0.02065 0.81337 -0.02091 -0.00265 0.58136
1745123884.105083704 0.07135 0.36496 0.02031 0.82841 -0.02099 -0.00252 0.55973
1745123884.171814442 0.07270 0.37466 0.02131 0.83458 -0.02138 -0.00289 0.55047
1745123884.305249929 0.06815 0.34769 0.01399 0.84134 -0.02102 -0.00371 0.54009
1745123884.905673265 0.09342 0.39577 0.02199 0.87118 -0.02120 -0.00267 0.49050
1745123885.105815172 0.10805 0.43920 0.02342 0.88407 -0.01988 -0.00174 0.46694
1745123885.205886126 0.10996 0.45755 0.02438 0.88205 -0.01979 -0.00236 0.47074
1745123885.406011581 0.11941 0.47027 0.02567 0.89224 -0.01988 -0.00239 0.45112
1745123885.606135845 0.12309 0.49321 0.02677 0.89702 -0.01987 -0.00286 0.44153
1745123885.806259394 0.13608 0.52105 0.02862 0.91213 -0.02031 -0.00333 0.40939
1745123886.006381750 0.13825 0.54358 0.02991 0.91655 -0.02045 -0.00353 0.39938
1745123886.206503630 0.14700 0.56628 0.03232 0.92896 -0.01998 -0.00319 0.36962
1745123886.406634808 0.16787 0.63874 0.03694 0.93346 -0.01950 -0.00338 0.35815
1745123886.706831217 0.16000 0.62141 0.03694 0.94021 -0.01873 -0.00351 0.34006
1745123886.906961679 0.16204 0.64228 0.03937 0.94245 -0.01843 -0.00381 0.33381
1745123887.107091904 0.17874 0.67034 0.04246 0.95047 -0.01831 -0.00372 0.31027
1745123887.307226896 0.18586 0.68578 0.04462 0.95529 -0.01794 -0.00382 0.29509
1745123887.474010229 0.19453 0.69501 0.04748 0.95974 -0.01772 -0.00422 0.28030
1745123887.674150944 0.19766 0.69989 0.04991 0.96339 -0.01743 -0.00446 0.26749
1745123887.874291658 0.20627 0.71376 0.05255 0.96630 -0.01705 -0.00489 0.25681
1745123888.074432850 0.21482 0.72865 0.05530 0.96741 -0.01666 -0.00535 0.25263
1745123888.374643087 0.22723 0.74819 0.05920 0.96947 -0.01631 -0.00559 0.24461
1745123890.609439611 0.23785 0.74058 0.06146 0.97273 -0.01573 -0.00564 0.23134
1745123891.610056162 0.68618 0.95125 0.08188 0.97472 -0.01593 -0.00315 0.22283
1745123892.210434675 0.99066 1.10857 0.08462 0.97537 -0.01593 0.00188 0.21997
1745123892.410567760 1.19236 1.22442 0.08414 0.97720 -0.01608 0.00024 0.21171
1745123892.610700846 1.24661 1.25735 0.08218 0.98060 -0.01564 0.00098 0.19540
1745123892.810833693 1.30020 1.28609 0.08186 0.98447 -0.01514 0.00065 0.17488
1745123893.010966063 1.36357 1.31583 0.08175 0.98808 -0.01448 0.00061 0.15326
1745123893.211098194 1.42818 1.33072 0.08246 0.99172 -0.01442 0.00003 0.12759
1745123893.511275291 1.85431 1.58765 0.09529 0.99355 -0.01537 -0.00086 0.11235
1745123894.311748743 1.90254 1.60383 0.08790 0.99412 -0.01560 -0.00087 0.10716
1745123895.512531757 2.18019 1.63775 0.09218 0.99596 -0.01294 0.00029 0.08888
1745123896.513120651 2.51039 1.66479 0.10112 0.99673 -0.01367 0.00059 0.07963
1745123897.313644171 2.95249 1.72985 0.11260 0.99753 -0.01198 -0.00139 0.06920
1745123898.114211082 3.33665 1.77686 0.12152 0.99796 -0.01009 -0.00095 0.06310
1745123898.714601278 3.72323 1.83558 0.12801 0.99808 -0.00866 -0.00083 0.06138
1745123899.314990044 4.02223 1.91006 0.13013 0.99792 -0.00697 0.00025 0.06410
1745123899.915482998 4.40780 2.05166 0.13328 0.99724 -0.00734 -0.00176 0.07391
1745123900.382519960 4.97328 2.19059 0.13749 0.99717 -0.00866 -0.00007 0.07467
1745123900.782785654 5.37714 2.32430 0.14150 0.99651 -0.00911 -0.00058 0.08295
1745123901.316485882 5.63048 2.40627 0.14419 0.99582 -0.00912 0.00026 0.09093
1745123901.716831923 5.93405 2.49567 0.14737 0.99513 -0.00809 -0.00009 0.09824
1745123902.183910131 6.18292 2.57528 0.15062 0.99469 -0.00791 -0.00026 0.10261
1745123902.717617512 6.37764 2.63399 0.15059 0.99448 -0.00830 0.00083 0.10459
1745123903.418091536 6.73713 2.74560 0.15142 0.99411 -0.00740 0.00277 0.10807
1745123904.118574381 7.07411 2.85495 0.15205 0.99396 -0.00719 0.00241 0.10951
1745123904.618917942 7.43173 2.99495 0.15505 0.99313 -0.00679 0.00156 0.11683
1745123905.119260311 7.66300 3.07755 0.15930 0.99184 -0.00513 0.00209 0.12739
1745123905.519548416 7.99248 3.18716 0.16407 0.99044 -0.00440 -0.00021 0.13787
1745123905.919845104 8.17428 3.25422 0.16951 0.98976 -0.00595 0.00025 0.14261
1745123906.420202494 8.44935 3.34512 0.17389 0.98895 -0.00541 -0.00081 0.14817
1745123907.220719576 8.87077 3.49666 0.17637 0.98829 -0.00545 0.00166 0.15245
1745123907.887806416 9.38158 3.69587 0.18299 0.98790 -0.00373 -0.00042 0.15505
1745123909.088605881 9.74032 3.82741 0.18902 0.98802 -0.00438 0.00235 0.15424
1745123909.822428703 9.98187 3.98981 0.19606 0.98662 -0.00429 0.00164 0.16298
1745123910.489551544 10.19476 4.09235 0.19953 0.98498 -0.00522 0.00258 0.17254
1745123910.823130608 10.40496 4.15875 0.20282 0.98399 -0.00640 0.00434 0.17804
1745123911.023278952 10.50378 4.19435 0.20532 0.98201 -0.00597 0.00380 0.18868
1745123911.223428011 10.69260 4.25131 0.20597 0.97984 -0.00586 0.00291 0.19966
1745123911.490264893 10.86105 4.31387 0.20927 0.97706 -0.00589 0.00165 0.21288
1745123911.823804140 10.81949 4.28648 0.20692 0.97520 -0.00518 0.00042 0.22125
1745123912.023926973 10.96090 4.35538 0.20754 0.97097 -0.00373 -0.00176 0.23917
1745123912.190695286 10.82076 4.33038 0.20466 0.96579 -0.00506 -0.00182 0.25926
1745123912.390831709 10.85175 4.35007 0.20418 0.96305 -0.00578 -0.00268 0.26923
1745123912.924549818 10.75609 4.32724 0.20393 0.95980 -0.00727 -0.00349 0.28058
1745123913.791838646 10.81851 4.39470 0.20369 0.95617 -0.00681 -0.00457 0.29271
1745123914.525672436 11.00544 4.55093 0.20369 0.95321 -0.00579 -0.00558 0.30221
1745123915.526308298 11.18109 4.69012 0.20460 0.95138 -0.00680 -0.00552 0.30789
1745123916.593696356 11.40635 4.89084 0.20515 0.94811 -0.00657 -0.00749 0.31778
1745123917.127371073 11.59204 5.05663 0.20818 0.94901 -0.00814 -0.00410 0.31510
1745123918.795234680 11.73497 5.14997 0.20446 0.94957 -0.00069 0.01185 0.31333
1745123920.329647064 11.92877 5.32365 0.21029 0.95034 -0.01620 0.00912 0.31065
1745123921.430415154 12.18169 5.50748 0.21768 0.95012 0.00302 0.00345 0.31186
1745123922.497810364 12.43271 5.69893 0.21907 0.95171 -0.00213 0.00697 0.30691
1745123922.798001051 12.47504 5.74019 0.21209 0.95169 -0.01241 -0.01058 0.30663
1745123923.431745768 12.58704 5.81085 0.21747 0.95122 -0.00778 0.00358 0.30839
1745123923.631885767 12.70483 5.86886 0.22101 0.95797 -0.00502 0.00648 0.28674
1745123923.832025528 12.62078 5.77550 0.21253 0.96457 -0.00514 0.00712 0.26368
1745123924.032165527 12.74368 5.88586 0.21967 0.97184 -0.00519 0.00795 0.23544
1745123924.132235289 12.75363 5.86047 0.22644 0.97708 -0.00524 0.00850 0.21264
1745123924.299019575 12.74462 5.85259 0.22416 0.98065 -0.00528 0.00857 0.19553
1745123924.932816029 12.66471 5.80613 0.21524 0.98283 -0.00608 0.00841 0.18425
1745123925.099604845 12.75328 5.81832 0.22310 0.98473 -0.00530 0.00939 0.17375
1745123925.233036041 12.84391 5.85374 0.22532 0.98970 -0.00472 0.00960 0.14274
1745123925.433165312 12.79284 5.80377 0.22275 0.99202 -0.00460 0.00937 0.12566
1745123925.633290529 12.82015 5.81380 0.22345 0.99412 -0.00503 0.00930 0.10777
1745123925.800061226 12.84640 5.81638 0.22392 0.99617 -0.00481 0.00882 0.08690
1745123925.933477879 12.85468 5.81793 0.22414 0.99657 -0.00483 0.00838 0.08224
1745123926.133601904 12.88775 5.82437 0.22433 0.99777 -0.00434 0.00799 0.06608
1745123926.400446415 13.01124 5.85544 0.22631 0.99830 -0.00442 0.00697 0.05764
1745123927.034234285 12.99321 5.83002 0.22606 0.99877 -0.00465 0.00530 0.04916
1745123927.734758139 13.12522 5.83594 0.22921 0.99908 -0.00502 0.00596 0.04218
1745123928.501990795 13.36527 5.84798 0.23302 0.99957 -0.00460 0.00595 0.02846
1745123928.635413647 13.64861 5.86237 0.23924 0.99989 -0.00762 0.00402 0.01238
1745123928.835547924 13.67754 5.86449 0.24049 0.99997 -0.00736 0.00356 -0.00095
1745123929.035682201 13.72255 5.87004 0.24232 0.99981 -0.00786 0.00382 -0.01769
1745123929.202460766 13.79331 5.87878 0.24470 0.99943 -0.00733 0.00365 -0.03282
1745123929.402594328 13.84566 5.88156 0.24663 0.99897 -0.00726 0.00397 -0.04458
1745123929.536016464 13.98237 5.88885 0.25067 0.99834 -0.00714 0.00356 -0.05713
1745123929.736149549 14.11115 5.90284 0.25105 0.99765 -0.00720 0.00347 -0.06804
1745123930.036349058 14.20487 5.90371 0.25549 0.99592 -0.00647 0.00345 -0.08994
1745123930.436615944 13.99825 5.86688 0.25576 0.99458 -0.00496 0.00282 -0.10382
1745123930.636749506 14.11079 5.83638 0.26227 0.99221 -0.00428 0.00332 -0.12447
1745123930.836883068 14.16310 5.82360 0.26510 0.99043 -0.00470 0.00302 -0.13791
1745123931.103727102 14.20965 5.81511 0.26705 0.98975 -0.00474 0.00358 -0.14265
1745123931.303859711 14.27898 5.79175 0.27160 0.98795 -0.00516 0.00407 -0.15463
1745123931.503991842 14.31106 5.77764 0.27322 0.98631 -0.00530 0.00482 -0.16474
1745123931.637413263 14.37229 5.74899 0.27689 0.98294 -0.00473 0.00510 -0.18378
1745123931.837545156 14.43344 5.72825 0.27982 0.98143 -0.00557 0.00157 -0.19173
1745123932.037677050 14.52815 5.68888 0.28483 0.97750 -0.00618 0.00097 -0.21083
1745123932.237808943 14.54143 5.66657 0.28458 0.97430 -0.00392 0.00564 -0.22516
1745123932.504647970 14.60428 5.63505 0.28695 0.97235 -0.00364 0.00540 -0.23344
1745123932.838195324 14.70562 5.57551 0.29070 0.96937 -0.00453 0.00506 -0.24552
1745123933.505290985 14.80414 5.51010 0.29307 0.96688 -0.00372 0.00841 -0.25505
1745123934.305809498 15.02138 5.36063 0.29976 0.96419 -0.00173 0.00759 -0.26509
1745123935.239770412 15.28160 5.19454 0.30436 0.96354 -0.00099 0.00752 -0.26746
1745123936.107087612 15.58295 4.98528 0.30697 0.96066 -0.00054 0.00838 -0.27758
1745123936.840925217 15.86245 4.81757 0.30503 0.96080 -0.00281 0.00694 -0.27714
1745123937.441331148 16.08913 4.68560 0.30078 0.96081 -0.00379 0.00838 -0.27706
1745123937.841613531 16.31256 4.54735 0.29884 0.95877 -0.00570 0.00477 -0.28408
1745123938.442033768 16.44586 4.47859 0.29717 0.95647 -0.00668 0.00574 -0.29170
1745123939.109153509 16.69299 4.33508 0.29862 0.95439 -0.00769 0.00599 -0.29842
1745123940.043148994 16.95300 4.17663 0.29741 0.95367 -0.00610 0.00658 -0.30071
1745123940.910414219 17.22347 3.99388 0.29814 0.95259 -0.00607 0.00658 -0.30413
1745123941.243974686 17.48624 3.82888 0.29888 0.95324 -0.00485 0.00698 -0.30210
1745123941.444107771 17.53202 3.78822 0.29824 0.95923 -0.00323 0.00793 -0.28250
1745123941.644239664 17.52680 3.77745 0.29925 0.96604 -0.00323 0.00761 -0.25827
1745123941.844371557 17.48942 3.79461 0.29893 0.97235 -0.00291 0.00762 -0.23338
1745123942.011147499 17.58341 3.74517 0.30022 0.97765 -0.00305 0.00778 -0.21006
1745123942.644906759 17.66760 3.71097 0.29779 0.98095 -0.00305 0.00789 -0.19407
1745123942.845043898 17.88921 3.60295 0.30007 0.98411 -0.00358 0.00681 -0.17740
1745123943.045181513 17.93083 3.60328 0.29656 0.98722 -0.00344 0.00646 -0.15918
1745123943.312032938 17.83598 3.72348 0.29552 0.99208 -0.00311 0.00519 -0.12549
1745123943.512181997 17.87204 3.74702 0.29433 0.99474 -0.00172 0.00310 -0.10241
1745123943.645614862 17.92456 3.74203 0.29399 0.99592 -0.00204 0.00399 -0.09013
1745123943.845765114 17.95514 3.73886 0.29385 0.99672 -0.00221 0.00437 -0.08075
1745123944.045916319 17.98189 3.73647 0.29350 0.99779 -0.00260 0.00414 -0.06621
1745123944.246068001 18.14667 3.69987 0.29323 0.99922 -0.00252 0.00407 -0.03919
1745123944.446214437 18.07989 3.74381 0.29268 0.99989 -0.00272 0.00333 -0.01442
1745123944.646359682 18.12684 3.74903 0.29192 0.99999 -0.00256 0.00318 0.00267
1745123944.846505165 18.19295 3.75566 0.29033 0.99971 -0.00288 0.00247 0.02368
1745123945.013293266 18.22319 3.77394 0.28947 0.99908 -0.00296 0.00173 0.04278
1745123945.146723747 18.24705 3.78893 0.28801 0.99822 -0.00216 0.00162 0.05964
1745123945.346864700 18.29529 3.80566 0.28748 0.99678 -0.00266 0.00221 0.08010
1745123945.546995640 18.35613 3.81859 0.28592 0.99558 -0.00258 0.00219 0.09385
1745123945.747126102 18.42142 3.83873 0.28483 0.99417 -0.00352 0.00226 0.10778
1745123945.947256327 18.48750 3.85918 0.28278 0.99247 -0.00379 0.00276 0.12237
1745123946.147386312 18.54504 3.88361 0.28109 0.98942 -0.00444 0.00341 0.14495
1745123946.347519875 18.60859 3.90966 0.27921 0.98612 -0.00483 0.00407 0.16590
1745123946.547661304 18.66185 3.92578 0.27745 0.98324 -0.00502 0.00428 0.18221
1745123946.747802973 18.71541 3.94671 0.27654 0.98086 -0.00455 0.00042 0.19464
1745123947.014659166 18.79914 3.98486 0.27384 0.97785 -0.00407 0.00377 0.20924
1745123947.348224640 18.90046 4.03880 0.27257 0.97558 -0.00493 0.00556 0.21952
1745123947.548351765 19.01249 4.10425 0.27059 0.97086 -0.00488 0.00598 0.23952
1745123947.615060806 19.08292 4.15709 0.27043 0.96308 -0.00527 0.00745 0.26905
1745123947.748478413 19.11378 4.17817 0.27082 0.96079 -0.00547 0.00668 0.27713
1745123947.948604822 19.17050 4.21439 0.27021 0.95761 -0.00478 0.00386 0.28800
1745123948.248793125 19.25316 4.27031 0.26932 0.95375 -0.00522 0.00349 0.30052
1745123948.815822601 19.39256 4.35784 0.26640 0.95357 -0.00445 0.00459 0.30110
1745123949.449571848 19.70604 4.58399 0.26123 0.95108 -0.00623 0.00404 0.30885
1745123950.116717815 20.05824 4.89272 0.25371 0.94612 -0.00509 0.00399 0.32375
1745123950.717128038 20.38498 5.21126 0.24516 0.94185 -0.00588 0.00444 0.33596
1745123951.551035643 20.73817 5.45834 0.23869 0.94399 -0.00686 0.00277 0.32988
1745123951.751183033 20.74445 5.51048 0.23827 0.94074 -0.00910 0.00226 0.33899
1745123951.951331377 20.74757 5.56153 0.23799 0.93736 -0.00955 0.00197 0.34823
1745123952.218196392 21.44746 5.96036 0.23233 0.95935 -0.00608 0.00079 0.28214
1745123952.751912832 21.72838 6.14766 0.23023 0.96217 -0.00430 -0.00039 0.27243
1745123953.452405930 22.11075 6.38663 0.22784 0.96487 -0.00304 0.00059 0.26272
1745123954.152873278 22.53180 6.64866 0.22623 0.96208 -0.00208 0.00260 0.27273
1745123954.353006601 22.86267 6.94262 0.21944 0.96057 -0.00375 0.00254 0.27800
1745123954.553139687 23.19790 7.23985 0.21250 0.95927 -0.00409 0.00238 0.28245
1745123954.953405619 22.86045 6.59830 0.23061 0.98374 -0.00378 0.00185 0.17957
1745123955.753966093 23.02794 6.69667 0.23281 0.98393 -0.00267 0.00301 0.17852
1745123956.020827532 23.51920 6.92309 0.23539 0.98461 -0.00131 0.00244 0.17476
1745123956.154258490 23.78723 7.05639 0.23856 0.98727 -0.00264 0.00370 0.15897
1745123956.354399681 23.83636 7.18879 0.24046 0.98576 -0.00218 0.00055 0.16812
1745123956.554528952 23.95306 7.09348 0.24643 0.99340 -0.00106 0.00037 0.11469
1745123956.754657745 23.79479 6.93304 0.24594 0.99643 0.00006 0.00104 0.08437
1745123956.954786301 23.87575 6.95305 0.24590 0.99775 -0.00001 0.00012 0.06699
1745123957.154914379 24.04538 7.03348 0.24598 0.99797 0.00046 0.00272 0.06360
1745123957.955436468 24.37313 7.15314 0.24898 0.99841 -0.00002 0.00326 0.05627
1745123958.856019497 24.48909 7.06014 0.24909 0.99891 0.00273 0.00349 0.04649
1745123960.056831360 24.87372 7.07417 0.25304 0.99880 0.00132 0.00472 0.04863
1745123961.057527781 25.52154 7.08583 0.26286 0.99920 0.00170 0.00394 0.03985
1745123962.058171988 26.19071 7.13813 0.27038 0.99928 0.00107 0.00154 0.03778
1745123962.758653164 26.81797 7.20557 0.27823 0.99927 0.00093 -0.00154 0.03804
1745123963.859419346 27.10282 7.26061 0.27925 0.99919 -0.00038 0.00333 0.04016
1745123964.760020971 27.63828 7.37222 0.28070 0.99889 -0.00084 0.00198 0.04698
1745123965.627287388 28.24472 7.53693 0.28298 0.99841 -0.00252 0.00325 0.05619
1745123966.527996063 28.77777 7.60957 0.28537 0.99842 -0.00199 0.00424 0.05601
1745123967.061830997 29.42850 7.69764 0.29000 0.99822 -0.00064 0.00258 0.05963
1745123967.462166071 29.77016 7.75186 0.28960 0.99743 0.00006 0.00367 0.07161
1745123967.729011536 29.95333 7.78689 0.29130 0.99673 -0.00005 0.00385 0.08072
1745123967.862434149 30.54500 7.86421 0.29632 0.99678 -0.00053 0.00523 0.08002
1745123968.062568188 31.14675 7.94144 0.30084 0.99667 0.00050 -0.00537 0.08131
1745123968.262701988 31.74300 8.01838 0.30509 0.99674 -0.00006 -0.00903 0.08012
1745123968.562898636 30.59558 7.91263 0.29546 0.99143 0.00090 0.00006 0.13067
1745123969.063225031 30.78806 7.97892 0.29683 0.98969 0.00012 0.00060 0.14324
1745123969.663619041 30.87378 8.07343 0.29814 0.98685 -0.00075 -0.00073 0.16165
1745123970.330723524 31.14780 8.18030 0.30266 0.98602 -0.00071 0.00031 0.16665
1745123970.964478016 31.44359 8.31127 0.30660 0.98518 -0.00199 -0.00107 0.17153
1745123971.664950609 31.69906 8.42861 0.30974 0.98575 -0.00279 0.00155 0.16818
1745123972.465498447 32.09770 8.61744 0.31275 0.98511 -0.00277 0.00303 0.17190
1745123973.266029358 32.51598 8.77173 0.31318 0.98561 -0.00220 0.00227 0.16900
1745123974.066578150 32.95692 8.91052 0.31630 0.98672 -0.00186 0.00114 0.16241
1745123974.733686447 33.45750 9.08330 0.31883 0.98740 -0.00232 0.00090 0.15820
1745123975.534203529 33.86244 9.21045 0.32161 0.98804 -0.00270 0.00306 0.15414
1745123976.268012285 34.28977 9.33231 0.32145 0.98905 -0.00272 0.00319 0.14754
1745123977.068585396 34.67821 9.39899 0.32393 0.99063 -0.00340 0.00533 0.13640
1745123977.869098902 35.13777 9.53695 0.32286 0.99129 -0.00282 0.00490 0.13156
1745123978.736300468 35.52873 9.65391 0.32735 0.99232 -0.00339 0.00445 0.12354
1745123979.570164204 35.94497 9.75292 0.33229 0.99325 -0.00254 0.00438 0.11586
1745123980.337325096 36.40391 9.86418 0.33766 0.99395 -0.00355 0.00265 0.10974
1745123980.937763691 36.78206 9.94601 0.34271 0.99416 -0.00395 0.00188 0.10781
1745123981.671616554 37.22307 10.05654 0.34429 0.99432 -0.00425 0.00442 0.10625
1745123982.372108936 37.69653 10.15864 0.34704 0.99458 -0.00576 0.00137 0.10379
1745123982.972660542 38.14373 10.25670 0.35229 0.99462 -0.00569 0.00380 0.10341
1745123983.373024702 38.38158 10.27671 0.35550 0.99431 -0.00426 0.00621 0.10626
1745123983.639881134 38.54928 10.33682 0.35450 0.99249 -0.00377 0.00920 0.12193
1745123984.040165663 38.60261 10.37570 0.35233 0.99073 -0.00396 0.00953 0.13546
1745123984.540500641 38.54092 10.38365 0.35233 0.98899 -0.00415 0.00866 0.14767
1745123984.874039412 38.53898 10.39527 0.35083 0.98720 -0.00360 0.00805 0.15923
1745123985.140868664 38.65036 10.43103 0.35134 0.98528 -0.00322 0.00812 0.17074
1745123985.340992212 38.62914 10.43078 0.35119 0.98312 -0.00341 0.00808 0.18277
1745123985.574483633 38.53076 10.42122 0.34909 0.97949 -0.00341 0.00823 0.20128
1745123985.774619102 38.38809 10.39431 0.35067 0.97422 -0.00330 0.00797 0.22543
1745123985.974754333 38.32280 10.38063 0.35038 0.97065 -0.00307 0.00791 0.24033
1745123986.174889565 38.31603 10.38194 0.35201 0.96646 -0.00305 0.00779 0.25669
1745123986.375024796 38.33240 10.38888 0.35339 0.96208 -0.00307 0.00804 0.27263
1745123986.575160265 38.30731 10.37984 0.35427 0.95673 -0.00290 0.00822 0.29086
1745123986.775295258 38.30450 10.38013 0.35552 0.95123 -0.00288 0.00823 0.30834
1745123986.975430250 38.30766 10.38013 0.35638 0.94603 -0.00313 0.00801 0.32396
1745123987.375698328 38.32404 10.39175 0.35742 0.93969 -0.00374 0.00669 0.34194
1745123987.575827122 38.39362 10.42590 0.35818 0.93477 -0.00443 0.00707 0.35515
1745123987.775955915 38.43080 10.44317 0.35897 0.93023 -0.00436 0.00735 0.36687
1745123987.976084232 38.46497 10.46349 0.35961 0.92490 -0.00452 0.00736 0.38011
1745123988.176211834 38.50001 10.48456 0.36039 0.91907 -0.00464 0.00745 0.39400
1745123988.342985868 38.53356 10.50616 0.36111 0.91325 -0.00491 0.00676 0.40732
1745123988.543118477 38.56223 10.52501 0.36104 0.90844 -0.00446 0.00618 0.41795
1745123988.876672029 38.60890 10.55686 0.36117 0.90601 -0.00400 0.00627 0.42319
1745123989.076804161 38.71870 10.63899 0.36249 0.89747 -0.00412 0.00712 0.44100
1745123989.276935816 38.72552 10.65522 0.36228 0.89338 -0.00377 0.00773 0.44921
1745123989.543785572 38.74691 10.69928 0.36193 0.88604 -0.00377 0.00812 0.46352
1745123989.877349615 38.78810 10.76756 0.36160 0.88153 -0.00388 0.00567 0.47207
1745123990.144200802 38.83974 10.86862 0.36091 0.87630 -0.00502 0.00709 0.48169
1745123990.344339609 38.89316 10.95944 0.35954 0.87158 -0.00511 0.00796 0.49016
1745123990.544479847 38.92694 11.03786 0.35804 0.86844 -0.00442 0.00654 0.49573
1745123990.744619846 38.97897 11.14963 0.35812 0.85971 -0.00421 0.00607 0.51073
1745123990.878046513 39.00643 11.21488 0.35872 0.85130 -0.00616 0.00909 0.52456
1745123991.078186750 39.04040 11.29427 0.35824 0.84725 -0.00382 0.00654 0.53114
1745123991.244970560 39.10001 11.40895 0.35766 0.84334 -0.00389 0.00560 0.53734
1745123991.445099592 39.15009 11.52662 0.35634 0.83633 -0.00388 0.00437 0.54820
1745123991.645222425 39.17879 11.62198 0.35488 0.82912 -0.00371 0.00274 0.55905
1745123991.845344782 39.19891 11.69962 0.35359 0.82534 -0.00434 0.00218 0.56461
1745123992.078819990 39.22953 11.81312 0.35405 0.81814 -0.00220 0.00140 0.57502
1745123992.379010201 39.25982 11.94435 0.35304 0.81011 -0.00095 -0.00026 0.58628
1745123992.545799971 39.29909 12.09019 0.35351 0.80268 -0.00655 0.00364 0.59637
1745123992.679232121 39.31105 12.15609 0.35409 0.79704 -0.00329 0.00031 0.60392
1745123992.879380941 39.33486 12.25080 0.35323 0.78246 -0.00447 0.00149 0.62268
1745123993.079530239 39.36351 12.38379 0.35334 0.76842 -0.00478 0.00105 0.63993
1745123993.379747629 39.38891 12.50475 0.35349 0.75832 -0.00463 0.00151 0.65186
1745123993.546519279 39.41290 12.70055 0.35498 0.74651 -0.00673 0.00259 0.66534
1745123993.679936171 39.42370 12.81312 0.35478 0.73919 -0.00501 0.00057 0.67347
1745123993.880061626 39.43235 12.93323 0.35449 0.73152 -0.00231 -0.00364 0.68181
1745123994.080186367 39.40624 12.94336 0.35356 0.71603 -0.00673 0.00047 0.69804
1745123994.280310392 39.41410 13.06781 0.35371 0.70584 -0.00593 0.00120 0.70835
1745123994.480438709 39.40793 13.25343 0.35435 0.68967 -0.00593 0.00039 0.72410
1745123994.680567741 39.41210 13.41330 0.35458 0.68124 -0.00471 -0.00092 0.73205
1745123995.047469139 39.40810 13.63349 0.35378 0.67304 -0.00061 -0.00437 0.73959
1745123995.447727203 39.38647 13.84662 0.35114 0.66981 -0.00570 -0.00019 0.74251
1745123995.681214094 39.36885 13.96131 0.35059 0.66151 -0.00648 0.00104 0.74990
1745123996.081475973 39.30628 14.34952 0.35120 0.64680 -0.00567 0.00232 0.76264
1745123996.548472643 39.24619 14.65026 0.34919 0.64023 -0.00610 0.00427 0.76814
1745123997.282371521 39.15434 15.02967 0.34528 0.63515 -0.00598 0.00336 0.77236
1745123997.682639360 38.98806 15.65121 0.34217 0.63326 -0.00225 0.00147 0.77393
1745123997.882771254 38.90692 15.78642 0.34208 0.62122 -0.00328 0.00044 0.78363
1745123998.082902670 38.82271 15.92213 0.34204 0.60865 0.00178 -0.00352 0.79343
1745123998.283033848 38.73415 16.05826 0.34187 0.59581 0.00874 -0.00852 0.80303
1745123998.683331728 38.64463 16.18240 0.34177 0.58857 0.02830 -0.01988 0.80771
1745123999.083636284 38.54821 16.31466 0.34172 0.57633 0.02857 -0.01992 0.81647
1745123999.650705338 38.44810 16.44438 0.34174 0.56398 0.02865 -0.01961 0.82506
1745124000.184395552 38.34390 16.57101 0.34176 0.55147 0.02892 -0.01920 0.83347
1745124000.984902859 39.32584 14.25695 0.33809 0.70590 0.00627 -0.00447 0.70827
1745124001.585308552 39.31038 13.75028 0.32870 0.71411 0.00595 -0.00186 0.70000
1745124001.785458326 39.27209 13.24214 0.31815 0.71078 0.00618 -0.00152 0.70338
1745124001.985608339 39.25460 13.05575 0.31498 0.69300 0.00600 -0.00337 0.72090
1745124002.452618361 39.27275 12.86462 0.31184 0.67751 0.00714 -0.00272 0.73547
1745124002.786181688 39.24725 12.45607 0.30352 0.66689 0.00954 -0.00365 0.74508
1745124002.986319780 39.22052 12.02438 0.29797 0.64832 0.00973 -0.00448 0.76130
1745124003.386594296 39.18791 11.72714 0.29174 0.63756 0.00945 -0.00480 0.77033
1745124003.953636408 39.12670 10.93791 0.28019 0.62545 0.01074 -0.00384 0.78018
1745124004.487321615 39.07284 10.23088 0.27335 0.60972 0.00908 -0.00407 0.79255
1745124005.287845612 39.08426 9.82639 0.27105 0.59511 0.00952 -0.00096 0.80359
1745124005.754821301 38.86293 8.63531 0.25409 0.60014 0.00845 -0.00162 0.79985
1745124005.954953671 38.75017 7.60506 0.23849 0.61286 0.00874 -0.00284 0.79014
1745124006.155085802 39.09353 7.45413 0.23804 0.61408 0.01053 -0.00392 0.78916
1745124006.355221033 38.83021 7.20126 0.23476 0.63437 0.01011 -0.00483 0.77295
1745124006.555373192 38.62105 6.62923 0.22628 0.64339 0.00837 -0.00541 0.76548
1745124006.888962030 40.05976 6.75389 0.23257 0.65554 0.01222 -0.00081 0.75506
1745124007.289270639 40.06485 5.79944 0.21783 0.66941 0.01246 -0.00181 0.74279
1745124007.589463949 40.33413 4.73792 0.20002 0.68382 0.01325 -0.00181 0.72953
1745124007.789588690 40.35957 4.57360 0.19574 0.70520 0.01241 -0.00234 0.70889
1745124007.989712954 40.33853 4.46185 0.19304 0.71469 0.01255 -0.00376 0.69932
1745124008.189836502 40.49146 4.02339 0.18413 0.72778 0.01359 -0.00270 0.68567
1745124008.456679583 40.62019 3.59845 0.17613 0.73528 0.01427 -0.00331 0.67761
1745124008.790249825 40.88892 3.05570 0.16615 0.74095 0.01484 -0.00300 0.67139
1745124009.190535307 41.04733 2.10345 0.15092 0.75311 0.01339 -0.00394 0.65774
1745124009.490744591 41.32783 0.99989 0.13169 0.76176 0.01385 -0.00317 0.64771
1745124009.757592916 41.43040 0.36050 0.12200 0.76748 0.01357 -0.00399 0.64092
1745124010.091153383 41.71937 -0.17409 0.11116 0.77581 0.01382 -0.00392 0.63081
1745124010.491425037 42.02210 -1.09108 0.09478 0.78328 0.01492 -0.00535 0.62147
1745124010.891696215 42.46359 -2.04606 0.07784 0.78975 0.01465 -0.00562 0.61323
1745124011.291967154 42.97361 -3.42728 0.05227 0.79748 0.01584 -0.00550 0.60311
1745124011.959088802 43.51770 -4.40381 0.03555 0.80517 0.01432 -0.00544 0.59285
1745124012.192581892 44.20409 -7.29535 -0.01878 0.79915 0.01433 -0.00505 0.60094
1745124012.392719746 44.42215 -8.66881 -0.04823 0.78940 0.01559 -0.00520 0.61365
1745124012.592865705 45.18075 -9.21725 -0.06340 0.78012 0.01612 -0.00330 0.62541
1745124012.859727859 45.59001 -9.04899 -0.05389 0.77428 0.01382 -0.00070 0.63269
1745124013.193306923 45.92498 -10.07842 -0.07103 0.76901 0.01242 -0.00133 0.63911
1745124013.393452644 46.72071 -12.43012 -0.12389 0.75980 0.01442 -0.00343 0.64998
1745124013.593587399 46.95133 -13.77218 -0.14788 0.76840 0.00954 -0.00180 0.63990
1745124014.193990946 48.34669 -14.47497 -0.16814 0.73085 0.01468 -0.00111 0.68238
1745124014.994602203 48.37138 -13.56757 -0.13038 0.71930 0.01238 0.00199 0.69459
1745124016.195415020 49.42777 -14.44835 -0.13064 0.71507 0.00843 0.00472 0.69899
1745124016.862519026 51.43459 -16.82704 -0.16336 0.71148 0.00750 0.00594 0.70264
1745124017.062652349 51.12438 -16.86643 -0.13116 0.70424 0.00644 0.00542 0.70991
1745124017.196074486 51.55838 -17.27796 -0.13616 0.69744 0.00542 0.00538 0.71661
1745124017.462923050 51.69853 -17.73841 -0.15053 0.69035 0.00758 0.00480 0.72342
1745124017.796494722 52.19740 -18.48902 -0.16202 0.68466 0.00783 0.00639 0.72879
1745124017.996638298 52.59168 -18.83710 -0.16709 0.67796 0.00810 0.00653 0.73503
1745124018.496993303 53.78489 -20.69460 -0.20222 0.66528 0.00777 0.00733 0.74651
1745124018.897266150 54.66479 -21.33049 -0.19777 0.65699 0.00580 0.00931 0.75382
1745124019.297538519 54.64113 -21.04533 -0.19522 0.64543 0.00470 0.01090 0.76372
1745124020.064706802 54.41700 -20.12351 -0.17725 0.63383 0.00404 0.01128 0.77338
1745124020.798526049 55.34414 -20.60818 -0.17747 0.62775 0.00023 0.01086 0.77834
1745124022.666438580 55.61903 -20.95999 -0.16350 0.62282 -0.00523 0.01289 0.78224
1745124023.100085258 58.77358 -22.65010 -0.18658 0.60902 -0.00324 0.01038 0.79308
1745124023.900648117 58.96435 -22.46660 -0.17529 0.60587 -0.00288 0.01061 0.79549
1745124024.300924540 60.66201 -24.27557 -0.18805 0.59571 -0.00393 0.01046 0.80312
1745124024.567791462 61.82607 -25.48945 -0.21580 0.58449 -0.00603 0.00895 0.81133
1745124024.901383162 61.80380 -25.06037 -0.19883 0.57948 -0.00739 0.00759 0.81492
1745124025.168257713 61.46719 -25.05796 -0.17889 0.56897 -0.00721 0.00537 0.82231
1745124025.501833916 62.74501 -26.00413 -0.20054 0.56458 -0.00648 0.00817 0.82532
1745124026.002155304 64.44627 -26.73978 -0.18649 0.55320 -0.00747 0.00804 0.83298
1745124026.802684307 57.12205 -20.54367 -0.07382 0.54186 -0.01433 0.00545 0.84033
1745124027.269667625 56.37783 -18.97021 -0.05459 0.53399 -0.01373 0.00491 0.84537
1745124027.803386688 56.00705 -18.31577 -0.06087 0.54775 -0.01428 0.00487 0.83651
1745124028.370471001 55.56600 -17.46323 -0.05595 0.55661 -0.01504 0.00395 0.83063
1745124028.904181480 54.96171 -16.30424 -0.05137 0.55833 -0.01328 0.00618 0.82949
1745124029.504605293 54.43893 -15.28949 -0.04540 0.56500 -0.01235 0.00810 0.82496
1745124030.105024815 53.70666 -13.96825 -0.03522 0.56897 -0.01245 0.00915 0.82221
1745124030.772179127 53.38493 -13.66667 -0.02669 0.55999 -0.01267 0.00861 0.82836
1745124031.506057024 52.09878 -10.83565 -0.01488 0.57834 -0.01308 0.01158 0.81561
1745124032.506709099 52.87590 -10.93266 -0.02478 0.59427 -0.01029 0.01151 0.80412
1745124033.707554102 51.16471 -7.61875 -0.00938 0.59614 -0.01167 0.01364 0.80268
1745124033.907698631 50.98738 -6.72780 -0.00259 0.60371 -0.01147 0.01383 0.79700
1745124034.107843637 50.82914 -5.84016 0.00409 0.61121 -0.01126 0.01402 0.79126
1745124034.307988882 50.68746 -4.94929 0.01078 0.61865 -0.01106 0.01419 0.78546
1745124034.508125782 50.56208 -4.05586 0.01750 0.62602 -0.01086 0.01435 0.77960
1745124034.708258390 50.45363 -3.15941 0.02422 0.63334 -0.01067 0.01451 0.77366
1745124035.008456469 51.84599 -7.34117 0.03027 0.55451 -0.00741 0.00716 0.83211
1745124035.208588362 51.64189 -6.71635 0.04075 0.54346 -0.00706 0.00691 0.83938
1745124035.408721924 51.27525 -6.09708 0.04599 0.52743 -0.00700 0.00685 0.84954
1745124035.608865976 51.64699 -7.25472 0.03620 0.51203 -0.00718 0.00677 0.85891
1745124035.809010029 51.47852 -6.87412 0.03981 0.50225 -0.00726 0.00706 0.86466
1745124036.075868607 51.35696 -6.54541 0.04278 0.49536 -0.00734 0.00460 0.86864
1745124036.276012659 51.17371 -6.30038 0.04621 0.48412 -0.00756 0.00300 0.87496
1745124036.476153135 50.98215 -5.69015 0.05014 0.47671 -0.00644 0.00815 0.87900
1745124036.809713364 50.78762 -5.41093 0.05389 0.46711 -0.00625 0.00827 0.88414
1745124037.109917402 50.61825 -4.76877 0.05578 0.45832 -0.00525 0.00659 0.88875
1745124037.310053349 50.42304 -4.48523 0.05911 0.44931 -0.00506 0.00642 0.89334
1745124037.510180473 50.22264 -4.20683 0.06242 0.44019 -0.00450 0.00513 0.89788
1745124037.676949024 50.03683 -3.60946 0.06713 0.41865 -0.00510 0.00420 0.90812
1745124037.810363293 49.83308 -3.32258 0.07068 0.40965 -0.00521 0.00439 0.91222
1745124038.010484219 49.62307 -3.03880 0.07421 0.40059 -0.00470 0.00349 0.91624
1745124038.210604191 49.40716 -2.75960 0.07774 0.39147 -0.00464 0.00353 0.92017
1745124038.410725594 49.18380 -2.48066 0.08146 0.38235 -0.00460 0.00354 0.92400
1745124038.610856056 48.95392 -2.20465 0.08520 0.37316 -0.00458 0.00352 0.92775
1745124038.810985804 48.71896 -1.93438 0.08890 0.36391 -0.00455 0.00354 0.93142
1745124039.011115313 48.47688 -1.66917 0.09263 0.35442 -0.00455 0.00366 0.93507
1745124039.077825069 48.23069 -1.40872 0.09635 0.34503 -0.00458 0.00370 0.93857
1745124039.211244345 47.97973 -1.15404 0.10007 0.33577 -0.00277 0.00219 0.94194
1745124039.411374331 47.72284 -0.90432 0.10379 0.32623 -0.00277 0.00214 0.94529
1745124039.611508846 47.46099 -0.65979 0.10752 0.31665 -0.00279 0.00215 0.94854
1745124039.811643362 47.19425 -0.42064 0.11124 0.30704 -0.00281 0.00216 0.95169
1745124040.011777639 46.92268 -0.18698 0.11497 0.29739 -0.00283 0.00216 0.95475
1745124040.211911678 46.64640 0.04110 0.11870 0.28770 -0.00285 0.00215 0.95771
1745124040.612182856 46.36527 0.26356 0.12244 0.27796 -0.00287 0.00216 0.96059
1745124041.112525702 46.08008 0.48005 0.12618 0.26821 -0.00291 0.00220 0.96335
1745124041.712927818 45.79057 0.69069 0.12993 0.25843 -0.00294 0.00223 0.96602
1745124042.413384199 45.49676 0.89540 0.13369 0.24862 -0.00297 0.00227 0.96859
1745124042.980452299 45.19885 1.09410 0.13744 0.23877 -0.00300 0.00228 0.97107
1745124043.314022064 44.89695 1.28675 0.14117 0.22891 -0.00302 0.00225 0.97344
1745124043.514162064 44.59119 1.47324 0.14489 0.21901 -0.00304 0.00222 0.97571
1745124043.714301586 44.28171 1.65349 0.14862 0.20910 -0.00306 0.00219 0.97789
1745124043.914441109 43.96860 1.82745 0.15234 0.19917 -0.00309 0.00216 0.97996
1745124044.114580870 43.65200 1.99504 0.15607 0.18921 -0.00311 0.00213 0.98193
1745124044.314720869 43.33203 2.15621 0.15980 0.17924 -0.00313 0.00210 0.98380
1745124044.514862299 43.00883 2.31086 0.16352 0.16925 -0.00315 0.00207 0.98557
1745124044.715004683 42.68255 2.45893 0.16725 0.15924 -0.00317 0.00204 0.98723
1745124044.915147066 42.35334 2.60034 0.17098 0.14921 -0.00319 0.00201 0.98880
1745124045.215361118 42.02133 2.73504 0.17471 0.13917 -0.00320 0.00198 0.99026
1745124045.415503740 41.68666 2.86298 0.17844 0.12912 -0.00322 0.00195 0.99162
1745124045.615643740 41.34945 2.98410 0.18217 0.11905 -0.00324 0.00191 0.99288
1745124045.815783978 41.00986 3.09835 0.18590 0.10897 -0.00326 0.00188 0.99404
1745124046.015924215 40.66802 3.20568 0.18962 0.09887 -0.00328 0.00185 0.99509
1745124046.216064930 40.32406 3.30605 0.19335 0.08877 -0.00330 0.00181 0.99604
1745124046.416207075 39.97814 3.39942 0.19708 0.07866 -0.00332 0.00178 0.99689
1745124046.616356850 39.63040 3.48575 0.20081 0.06854 -0.00333 0.00175 0.99764
1745124046.816507339 39.28096 3.56500 0.20454 0.05841 -0.00335 0.00171 0.99829
1745124047.016658306 38.93000 3.63715 0.20827 0.04828 -0.00337 0.00168 0.99883
1745124047.183450937 38.57764 3.70216 0.21200 0.03814 -0.00338 0.00165 0.99927
1745124047.316885471 38.22403 3.76000 0.21573 0.02799 -0.00340 0.00161 0.99960
1745124047.483666897 37.86932 3.81065 0.21946 0.01785 -0.00341 0.00158 0.99983
1745124047.617085695 37.51366 3.85409 0.22319 0.00770 -0.00342 0.00154 0.99996
1745124047.817213058 37.15719 3.89031 0.22692 -0.00245 -0.00344 0.00151 0.99999
1745124048.017340422 36.80005 3.91928 0.23065 -0.01260 -0.00345 0.00147 0.99991
1745124048.217467070 36.44240 3.94099 0.23438 -0.02275 -0.00347 0.00144 0.99973
1745124048.417594671 36.08438 3.95544 0.23810 -0.03289 -0.00348 0.00140 0.99945
1745124048.617728710 35.72614 3.96262 0.24183 -0.04304 -0.00349 0.00137 0.99907
1745124048.884573698 35.36783 3.96253 0.24556 -0.05317 -0.00351 0.00133 0.99858
1745124049.284841061 35.00960 3.95516 0.24930 -0.06330 -0.00352 0.00130 0.99799
1745124049.484979630 34.65159 3.94053 0.25303 -0.07343 -0.00353 0.00126 0.99729
1745124049.685123682 34.29396 3.91863 0.25676 -0.08355 -0.00354 0.00123 0.99650
1745124050.018698215 33.93684 3.88947 0.26049 -0.09366 -0.00355 0.00119 0.99560
1745124050.218843460 33.58038 3.85308 0.26422 -0.10376 -0.00356 0.00116 0.99460
1745124050.418985128 33.22474 3.80945 0.26795 -0.11385 -0.00357 0.00112 0.99349
1745124050.619108677 32.87005 3.75861 0.27168 -0.12393 -0.00358 0.00108 0.99228
1745124051.019353628 32.51647 3.70059 0.27541 -0.13399 -0.00359 0.00105 0.99098
1745124051.719806671 32.16411 3.63540 0.27914 -0.14404 -0.00360 0.00101 0.98956
1745124052.386937618 31.81316 3.56307 0.28288 -0.15408 -0.00361 0.00098 0.98805
1745124053.120811224 31.46375 3.48363 0.28663 -0.16410 -0.00361 0.00095 0.98644
1745124053.787924290 31.11602 3.39711 0.29036 -0.17410 -0.00362 0.00092 0.98472
1745124054.421648026 30.77011 3.30356 0.29410 -0.18409 -0.00362 0.00088 0.98290
1745124055.022055149 30.42618 3.20300 0.29784 -0.19405 -0.00363 0.00085 0.98098
1745124055.622473240 30.08436 3.09549 0.30157 -0.20400 -0.00364 0.00081 0.97896
1745124055.889333963 29.74478 2.98105 0.30531 -0.21392 -0.00364 0.00078 0.97684
1745124056.089479923 29.40760 2.85975 0.30904 -0.22383 -0.00365 0.00074 0.97462
1745124056.289626122 29.07294 2.73163 0.31277 -0.23371 -0.00366 0.00070 0.97230
1745124056.489768028 28.74095 2.59674 0.31650 -0.24356 -0.00366 0.00067 0.96988
1745124056.689905167 28.41176 2.45513 0.32023 -0.25339 -0.00367 0.00063 0.96736
1745124056.823329926 28.08552 2.30688 0.32396 -0.26320 -0.00367 0.00059 0.96473
1745124057.023466825 27.76235 2.15203 0.32770 -0.27298 -0.00368 0.00055 0.96201
1745124057.223603487 27.44239 1.99066 0.33143 -0.28273 -0.00368 0.00052 0.95919
1745124057.423738718 27.12576 1.82282 0.33516 -0.29245 -0.00369 0.00048 0.95627
1745124057.623867989 26.81262 1.64859 0.33889 -0.30214 -0.00369 0.00044 0.95326
1745124057.823996782 26.50307 1.46805 0.34262 -0.31180 -0.00370 0.00040 0.95014
1745124058.024125338 26.19725 1.28125 0.34635 -0.32142 -0.00370 0.00037 0.94693
1745124058.224253416 25.89528 1.08829 0.35008 -0.33102 -0.00370 0.00033 0.94362
1745124058.424383163 25.59729 0.88924 0.35381 -0.34058 -0.00371 0.00029 0.94021
1745124058.624521017 25.30341 0.68419 0.35754 -0.35010 -0.00371 0.00025 0.93670
1745124058.824659109 25.01374 0.47321 0.36127 -0.35959 -0.00371 0.00022 0.93310
1745124059.024797440 24.72842 0.25639 0.36500 -0.36904 -0.00371 0.00018 0.92941
1745124059.224935770 24.44756 0.03383 0.36874 -0.37845 -0.00371 0.00014 0.92561
1745124059.425073624 24.17127 -0.19438 0.37247 -0.38783 -0.00371 0.00010 0.92172
1745124059.625207901 23.89967 -0.42816 0.37620 -0.39716 -0.00371 0.00007 0.91774
1745124059.825342178 23.63287 -0.66740 0.37993 -0.40646 -0.00371 0.00003 0.91366
1745124060.025476456 23.37098 -0.91200 0.38366 -0.41571 -0.00371 -0.00001 0.90949
1745124060.225610495 23.11410 -1.16187 0.38739 -0.42492 -0.00371 -0.00005 0.90522
1745124060.425745010 22.86236 -1.41690 0.39112 -0.43408 -0.00371 -0.00008 0.90087
1745124060.625883818 22.61584 -1.67699 0.39485 -0.44320 -0.00371 -0.00012 0.89641
1745124060.826022625 22.37464 -1.94202 0.39858 -0.45228 -0.00371 -0.00016 0.89187
1745124061.026161671 22.13888 -2.21190 0.40232 -0.46130 -0.00371 -0.00020 0.88723
1745124061.226300716 21.90864 -2.48651 0.40605 -0.47028 -0.00371 -0.00023 0.88251
1745124061.426439285 21.68403 -2.76573 0.40978 -0.47921 -0.00370 -0.00027 0.87769
1745124061.626574278 21.46512 -3.04945 0.41351 -0.48810 -0.00370 -0.00031 0.87278
1745124061.826709270 21.25202 -3.33756 0.41724 -0.49693 -0.00370 -0.00035 0.86778
1745124062.026844263 21.04481 -3.62993 0.42097 0.50571 0.00369 0.00038 -0.86270
1745124062.226979256 20.84357 -3.92644 0.42470 0.51444 0.00369 0.00042 -0.85752
1745124062.427115440 20.64839 -4.22698 0.42843 0.52311 0.00368 0.00046 -0.85226
1745124062.627258062 20.45935 -4.53142 0.43216 0.53173 0.00368 0.00049 -0.84690
1745124062.827401161 -26.82892 186.23192 -1.65827 0.51794 0.42086 0.16084 -0.72715
1745124063.027544498 -15.99548 38.15585 3.87475 -0.30487 0.01835 -0.04802 0.95100
1745124063.227688551 11.64411 16.24517 2.61181 -0.29475 -0.00110 0.09000 0.95133
1745124063.427829981 10.93172 15.64381 2.78977 -0.27348 0.00201 0.08963 0.95769
1745124063.627957106 10.19341 15.07426 2.96776 -0.25222 0.00415 0.08937 0.96352
1745124063.828083754 7.81770 14.62934 3.09613 -0.23565 -0.05438 0.04521 0.96926
1745124064.028209925 6.98397 14.29182 3.25944 -0.21762 -0.05373 0.04588 0.97347
1745124064.228335619 6.13816 13.98534 3.42279 -0.19948 -0.05311 0.04672 0.97735
1745124064.428461552 4.85359 12.85103 3.56765 -0.18621 -0.03527 0.03369 0.98130
1745124064.628591537 3.86652 12.55658 3.72219 -0.16782 -0.03503 0.03417 0.98460
1745124064.828721046 2.86845 12.30088 3.87672 -0.14927 -0.03471 0.03470 0.98758
1745124065.028849840 1.86129 12.08298 4.03127 -0.13067 -0.03424 0.03528 0.99021
1745124065.228978872 -1.20781 9.10891 3.90554 -0.11999 -0.03764 0.04086 0.99122
1745124065.429110527 -2.50122 8.75099 4.03464 -0.10040 -0.03718 0.04170 0.99338
1745124065.629259586 -3.80777 8.44405 4.16375 -0.08080 -0.03662 0.04250 0.99515
1745124065.829408884 -5.32890 9.05200 4.31118 -0.08535 -0.04924 0.03223 0.99461
1745124066.029558897 -6.64268 8.93267 4.43947 -0.06804 -0.04891 0.03317 0.99593
1745124066.229709387 -7.96000 8.85897 4.56778 -0.05071 -0.04860 0.03410 0.99695
1745124066.429857969 -9.27920 8.83137 4.69610 -0.03336 -0.04822 0.03500 0.99767
1745124066.629993439 -13.10337 5.99674 4.59655 0.00151 -0.00972 0.01869 0.99978
1745124066.896840334 -14.76478 5.78261 4.69614 0.01605 -0.01004 0.01876 0.99964
1745124067.197042704 -16.43130 5.61750 4.79568 0.03063 -0.00967 0.01921 0.99930
1745124067.497241974 -19.87285 7.20298 4.99105 0.01084 -0.05010 0.03383 0.99811
1745124067.830790043 -21.51678 7.32652 5.09590 0.02434 -0.04943 0.03490 0.99787
1745124068.231046677 -23.15364 7.49439 5.20050 0.03781 -0.04893 0.03568 0.99745
1745124068.497888565 -24.78463 7.70644 5.30504 0.05127 -0.04846 0.03635 0.99685
1745124068.998233318 -32.58635 7.82296 5.54407 0.05798 -0.05384 0.03110 0.99638
1745124069.598670959 -37.54777 8.27226 5.76512 0.06599 -0.05164 0.02633 0.99614
1745124070.332601070 -39.28312 8.77500 5.86761 0.07809 -0.05126 0.02755 0.99525
1745124070.799600363 -54.81926 11.16147 6.04939 0.07449 -0.05704 0.03396 0.99501
1745124070.999739170 -57.52805 12.16322 6.18712 0.08784 -0.05653 0.03454 0.99393
1745124071.233234882 -60.20119 13.23426 6.32444 0.10117 -0.05604 0.03522 0.99266
1745124071.433373451 -62.84571 14.37739 6.46195 0.11449 -0.05556 0.03593 0.99122
1745124071.633510590 -65.45641 15.59120 6.59923 0.12779 -0.05506 0.03664 0.98959
1745124071.833647490 -68.03655 16.87540 6.73689 0.14108 -0.05456 0.03735 0.98779
1745124072.033784628 -70.58427 18.22894 6.87493 0.15433 -0.05405 0.03806 0.98581
1745124072.233921766 -73.09717 19.65127 7.01332 0.16756 -0.05353 0.03876 0.98365
1745124072.434061289 -85.54094 3.73253 4.33149 -0.05559 -0.10221 0.04004 0.99240
1745124072.634210348 -94.50266 1.73273 4.08127 -0.06543 -0.10273 0.03898 0.99179
1745124072.834360123 -103.40084 -0.57581 3.83060 -0.07693 -0.10325 0.03775 0.99096
1745124073.034510136 -112.21053 -3.24192 3.57955 -0.09033 -0.10382 0.03633 0.98982
1745124073.201302528 -107.24556 4.50180 4.30018 -0.12727 -0.07434 -0.00062 0.98908
1745124073.334736586 -110.88341 3.50562 4.24898 -0.14510 -0.07430 -0.00200 0.98662
1745124073.534882069 -114.48433 2.37896 4.19776 -0.16289 -0.07418 -0.00347 0.98385
1745124073.735024691 -118.04239 1.12295 4.14654 -0.18062 -0.07409 -0.00485 0.98075
1745124073.935167313 -121.55241 -0.26045 4.09534 -0.19828 -0.07397 -0.00622 0.97733
1745124074.135310173 -125.00994 -1.76980 4.04413 -0.21589 -0.07383 -0.00759 0.97359
1745124074.335452795 -125.48040 0.39376 4.22701 -0.24570 -0.07036 -0.02243 0.96653
1745124074.535603046 -124.91676 1.47835 4.78704 -0.26545 -0.05611 -0.02111 0.96226
1745124074.702398300 -127.84469 0.26668 4.82363 -0.28758 -0.05558 -0.02246 0.95588
1745124074.835834742 -130.71601 -1.07902 4.86034 -0.30955 -0.05503 -0.02375 0.94899
1745124075.035990000 -133.52213 -2.55574 4.89703 -0.33161 -0.05042 -0.02618 0.94170
1745124075.102708578 -136.25723 -4.16083 4.93373 -0.35325 -0.04994 -0.02730 0.93380
1745124075.236145735 -138.91496 -5.88997 4.97042 -0.37470 -0.04927 -0.02846 0.92540
1745124075.302864552 -141.49037 -7.73977 5.00711 -0.39607 -0.04661 -0.03014 0.91654
1745124075.436297655 -143.97740 -9.70631 5.04379 -0.41711 -0.04589 -0.03122 0.90716
1745124075.636427402 -146.37131 -11.78527 5.08047 -0.43802 -0.04384 -0.03264 0.89730
1745124075.836556911 -148.66635 -13.97238 5.11712 -0.45860 -0.04315 -0.03363 0.88696
1745124076.036685944 -150.85672 -16.26244 5.15371 -0.47894 -0.04243 -0.03460 0.87614
1745124076.236814737 -152.94049 -18.65173 5.19035 -0.49902 -0.04168 -0.03555 0.86486
1745124076.436945200 -154.90938 -21.13314 5.22693 0.51883 0.04090 0.03650 -0.85312
1745124076.637087822 -150.41461 -23.35664 4.91234 0.55489 0.05382 0.11857 -0.82167
1745124076.703802109 -146.99833 -22.95407 5.51333 0.56840 0.02906 0.12155 -0.81320
1745124076.803873539 -147.20378 -23.69583 5.54846 0.57652 0.02745 0.12215 -0.80744
1745124076.937302113 -147.39590 -24.44401 5.58381 0.58455 0.02611 0.12252 -0.80163
1745124077.004016161 -147.57526 -25.19857 5.61946 0.59321 0.02175 0.12132 -0.79555
1745124077.104087591 -147.74002 -25.95660 5.65524 0.60113 0.02029 0.12172 -0.78957
1745124077.237516403 -147.88974 -26.71858 5.69103 0.60897 0.01902 0.12196 -0.78353
1745124077.437658787 -148.02648 -27.48603 5.72711 0.61702 0.01590 0.12135 -0.77737
1745124077.637798071 -148.14943 -28.25789 5.76339 0.62471 0.01475 0.12158 -0.77119
1745124077.704511166 -148.25510 -29.03148 5.79953 0.63237 0.01363 0.12175 -0.76492
1745124077.837937593 -148.34837 -29.80554 5.83568 0.63990 0.01239 0.12191 -0.75863
1745124077.904650450 -149.79059 -26.46203 5.30252 0.62699 0.04051 0.10798 -0.77044
1745124078.038076639 -150.32072 -27.98640 5.30902 0.64222 0.03824 0.10883 -0.75779
1745124078.238215923 -150.78878 -29.52976 5.31542 0.65718 0.03611 0.10965 -0.74484
1745124078.438353062 -151.19591 -31.09062 5.32181 0.67155 0.03644 0.11147 -0.73162
1745124078.838603973 -151.54197 -32.66895 5.32836 0.68572 0.03586 0.11307 -0.71813
1745124079.505682945 -153.41000 -32.73010 6.05411 0.69447 0.02149 0.08275 -0.71443
